0,0,0,0,0,0,0,0,0,0
1,0,1,0,0,0,3,0,0,0,5,0,0,0,1,0,0,0,3,0,0,0,5,0,0,0,6,0,0,0,2,0,0,1,0,0,5,0,3,0,1,0,3,0,6,0,2,1,0,1,1
2,0,4,0,0,0,5,0,0,0,5,0,0,0,4,0,0,0,2,0,0,0,4,0,0,0,2,0,0,0,6,0,0,4,0,0,5,0,4,0,2,0,6,0,4,0,4,2,0,6,4
3,0,5,0,0,0,1,0,0,0,4,0,0,0,5,0,0,0,5,0,0,0,6,0,0,0,2,0,0,0,5,0,0,2,0,0,5,0,1,0,1,0,5,0,6,0,3,4,0,2,5
4,0,6,0,0,0,3,0,0,0,4,0,0,0,5,0,0,0,6,0,0,0,2,0,0,0,1,0,0,0,3,0,0,4,0,0,5,0,6,0,2,0,1,0,3,0,4,5,0,1,6
5,0,3,0,0,0,5,0,0,0,1,0,0,0,5,0,0,0,3,0,0,0,1,0,0,0,4,0,0,0,3,0,0,0,0,0,6,0,5,0,1,2,5,0,1,0,6,3,0,1,5
6,0,2,0,0,0,1,0,0,0,5,0,0,0,3,0,0,0,4,0,0,0,5,0,0,0,6,0,0,0,1,0,0,2,0,0,1,0,2,0,6,0,5,0,3,0,6,1,0,5,2
7,3,0,3,1,6,0,0,3,0,1,5,3,2,0,1,0,3,3,5,6,1,0,3,0,0,0,1,6,3,0,5,0,1,0,0,3,6,2,0,5,0,0,3,0,0,1,1,5,5,0
8,6,0,6,1,0,2,3,4,4,6,1,0,0,3,5,0,1,0,0,5,6,4,0,0,5,0,1,0,2,0,6,5,0,3,1,3,2,0,6,0,0,4,4,0,3,0,0,2,0,6
9,4,5,0,4,5,2,0,0,4,2,0,1,5,0,6,0,0,4,0,0,0,4,0,2,0,5,0,0,4,0,4,5,4,2,0,6,0,3,5,4,2,0,2,0,4,2,2,4,0,4
10,5,0,1,5,5,0,3,1,0,5,6,5,3,0,0,1,0,0,5,3,4,0,1,0,0,5,0,5,2,0,1,3,0,4,0,5,3,2,5,5,0,0,0,1,0,6,5,0,3,0
11,5,0,4,5,1,0,6,5,0,1,1,2,0,5,6,0,3,0,2,2,5,3,0,0,0,0,5,0,6,0,2,0,5,4,0,0,0,5,2,0,4,6,5,1,0,4,2,0,5,0
12,2,2,2,4,0,3,0,3,5,0,1,0,0,4,2,2,2,2,2,2,2,0,0,5,1,0,1,0,0,5,5,1,0,0,0,0,0,4,0,5,5,4,0,0,1,5,0,1,0,5
13,3,0,3,1,6,0,0,3,0,1,5,3,2,0,1,0,3,3,5,6,1,0,3,0,0,0,1,6,3,0,5,0,1,0,0,3,6,2,0,5,0,0,3,0,0,1,1,5,5,0
14,6,6,6,6,6,0,1,0,4,0,1,3,0,5,3,0,1,0,0,4,4,3,1,0,1,0,0,5,0,2,0,1,0,5,4,2,0,4,0,3,3,0,0,4,0,3,0,1,0,3
15,1,1,0,5,2,0,3,0,0,2,0,1,1,0,6,4,0,2,0,3,2,5,2,0,3,1,1,0,0,5,0,6,3,0,2,0,0,4,0,6,3,0,5,2,0,3,0,0,1,1
16,4,0,2,3,0,2,0,4,0,0,3,0,2,0,4,0,6,3,0,5,0,2,0,4,5,0,5,0,0,4,0,5,2,0,6,0,4,4,5,6,0,1,0,1,4,1,1,1,0,4
17,2,3,5,0,1,3,2,0,3,0,5,0,0,3,3,2,0,5,0,5,0,0,2,0,1,3,1,0,2,1,0,0,5,5,0,1,0,4,2,0,0,1,4,0,2,0,4,4,0,5
18,4,5,5,0,0,1,0,5,4,0,2,0,5,2,1,0,4,0,5,3,5,0,4,4,5,1,0,5,4,0,3,5,0,1,0,3,0,4,0,2,0,0,1,0,2,0,0,0,2,2
19,5,2,1,0,4,6,5,0,6,2,2,0,4,0,5,5,3,0,5,6,4,0,0,2,0,0,0,1,0,2,0,5,3,0,2,0,0,5,0,4,6,0,3,0,0,5,4,2,0,5
20,6,2,1,0,4,5,6,0,5,2,2,0,4,0,6,5,3,0,6,5,4,0,0,2,0,0,0,1,0,2,0,6,3,0,2,0,0,6,0,4,5,0,3,0,0,6,4,2,0,6
21,6,6,6,6,6,0,1,0,4,0,1,3,0,5,3,0,1,0,0,4,4,3,1,0,1,0,0,5,0,2,0,1,0,5,4,2,0,4,0,3,3,0,0,4,0,3,0,1,0,3
23,1,0,2,0,3,0,4,0,5,0,6,0,1,0,2,0,3,0,4,0,5,0,6,0,1,0,2,0,3,0,4,0,5,0,6,0,1,0,2,0,3,0,4,0,5,0,6,0,1,0,0,2,0,0,0,3,0,0,0,4,0,0,0,5,0,0,0,6,0,0,0,0,0,0,0,0,0,0,0,0,0,0,0,0,0,0,0,0,0,0,0,0,0,0,0,0,0,0,0
24,5,6,0,6,0,5,0,0,0,0,5,6,0,0,0,0,5,0,0,0,6,0,0,0,5,0,0,0,0,0,6,1,0,0,5,0,0,0,0,0,1,0,0,0,5,0,0,0,0,1,6,4,0,0,5,0,0,0,2,3,4,5,6,1,0,0,0,0,0,0
25,2,2,0,0,0,0,0,0,0,5,2,0,0,0,0,0,0,0,0,4,2,5,0,0,0,0,0,0,4,6,2,5,0,0,0,0,0,0,0,6,2,4,5,0,0,0,0,0,0,4,2,6,5,0,0,0,0,0,1,3,2,4,5,6,0,0,0,0,0,0
4001,0,0,0,0,0,0,0,0,0,0
4002,0,1,0,0,0,3,0,0,0,5,0,0,0,1,0,0,0,3,0,0,0,5,0,0,0,6,0,0,0,2,0,0,1,0,0,5,0,3,0,1,0,3,0,6,0,2,1,0,1,1
4003,0,4,0,0,0,5,0,0,0,5,0,0,0,4,0,0,0,2,0,0,0,4,0,0,0,2,0,0,0,6,0,0,4,0,0,5,0,4,0,2,0,6,0,4,0,4,2,0,6,4
4004,0,5,0,0,0,1,0,0,0,4,0,0,0,5,0,0,0,5,0,0,0,6,0,0,0,2,0,0,0,5,0,0,2,0,0,5,0,1,0,1,0,5,0,6,0,3,4,0,2,5
4005,0,6,0,0,0,3,0,0,0,4,0,0,0,5,0,0,0,6,0,0,0,2,0,0,0,1,0,0,0,3,0,0,4,0,0,5,0,6,0,2,0,1,0,3,0,4,5,0,1,6
4006,0,3,0,0,0,5,0,0,0,1,0,0,0,5,0,0,0,3,0,0,0,1,0,0,0,4,0,0,0,3,0,0,0,0,0,6,0,5,0,1,2,5,0,1,0,6,3,0,1,5
4007,0,2,0,0,0,1,0,0,0,5,0,0,0,3,0,0,0,4,0,0,0,5,0,0,0,6,0,0,0,1,0,0,2,0,0,1,0,2,0,6,0,5,0,3,0,6,1,0,5,2
4008,1,2,6,5,3,1,1,1,0,2,5,3,4,2,0,5,2,0,1,0,0,3,0,0,1,0,6,5,3,0,5,0,1,0,0,5,2,6,0,3,1,0,3,5,0,1,1,0,5,0,0,1,2,0,0,1,1,3,0,2,0,5,0,1,2,0,4,3,0,1
4009,4,0,2,3,1,0,4,2,0,0,4,1,5,0,0,5,0,0,2,4,1,3,4,4,0,5,0,5,2,3,1,0,0,4,0,0,5,1,0,6,0,2,5,0,1,5,4,0,6,3,3,0,0,0,2,5,4,3,0,1,4,5,0,0,2,4,3,2,0,4
4010,4,5,3,0,4,0,0,2,5,4,0,6,0,4,0,0,5,2,4,1,0,5,5,4,0,2,0,4,3,0,5,4,0,2,0,0,4,4,4,1,6,0,5,0,0,4,3,0,4,2,0,0,3,0,4,2,6,0,4,1,5,4,0,0,2,3,5,0,2,4
4011,5,1,1,4,0,5,2,6,3,0,0,5,3,0,4,6,1,0,2,2,0,4,5,0,0,1,0,6,3,0,2,5,1,4,0,2,0,5,6,0,5,0,0,6,6,0,5,3,0,4,0,1,0,0,5,5,0,2,0,3,4,5,0,2,3,6,6,0,0,5
4012,5,2,5,5,4,2,0,1,0,2,2,3,0,6,0,5,5,0,0,4,2,5,0,1,6,5,0,2,0,5,6,3,2,0,5,6,0,2,0,5,0,4,2,0,1,5,0,2,0,6,5,0,0,4,3,0,6,2,0,5,1,6,0,0,4,0,0,0,5,6
4013,2,1,6,2,2,0,1,6,3,5,0,1,0,0,2,6,0,6,0,2,1,0,5,2,2,6,0,0,1,0,2,2,2,6,0,0,5,1,5,0,0,2,5,0,0,2,3,6,0,1,2,0,5,1,0,2,5,0,0,0,5,2,0,5,6,1,0,0,3,5
4014,1,2,6,5,3,1,1,1,0,2,5,3,4,2,0,5,2,0,1,0,0,3,0,0,1,0,6,5,3,0,5,0,1,0,0,5,2,6,0,3,1,0,3,5,0,1,1,0,5,0,0,1,2,0,0,1,1,3,0,2,0,5,0,1,2,0,4,3,0,1
4015,3,1,2,0,0,5,4,2,3,1,0,5,0,4,3,2,5,1,0,0,3,0,5,2,0,1,0,0,4,3,0,0,1,0,0,5,2,0,6,1,0,3,4,0,5,0,0,1,3,0,0,2,3,4,1,0,5,0,6,2,4,0,3,1,4,0,6,5,3,2
4016,1,4,3,2,0,5,0,0,1,0,4,2,6,0,3,5,1,0,0,2,2,5,0,3,0,0,1,0,2,5,0,0,4,6,0,0,1,5,3,0,0,3,0,5,2,6,4,1,0,5,0,2,5,0,0,4,0,3,1,5,0,2,0,4,1,1,5,3,4,2
4017,4,4,2,0,1,0,3,5,0,0,4,2,0,4,0,5,0,1,0,5,6,4,2,3,0,5,1,0,5,4,0,2,0,5,0,1,5,4,3,0,4,0,2,0,1,5,0,0,4,2,0,5,0,2,5,1,4,0,0,2,0,5,3,4,0,6,0,4,2,4
4018,1,2,0,6,4,3,0,0,2,5,1,2,0,0,3,5,5,0,0,6,2,1,0,6,0,5,2,0,5,0,6,1,0,2,0,0,5,5,0,0,2,3,1,4,2,0,1,0,5,6,0,5,1,0,0,5,4,2,6,5,0,1,3,2,0,5,1,0,0,2
4019,5,0,6,0,2,1,4,6,3,5,0,0,4,0,5,0,0,2,0,6,0,4,5,0,6,0,2,0,0,4,1,0,3,6,5,0,0,2,0,0,5,5,5,0,6,4,5,0,5,0,6,6,1,2,0,5,5,0,4,6,3,0,5,6,0,1,2,4,6,5
4020,2,5,0,2,1,0,5,4,2,1,6,0,2,0,5,3,0,6,1,0,4,0,5,2,0,6,0,4,0,5,0,2,1,0,0,2,0,0,5,5,4,0,5,0,1,0,6,0,2,5,0,0,2,1,0,5,5,2,3,0,5,1,5,0,2,5,0,2,4,1
4021,5,1,0,2,0,1,0,4,5,0,2,2,2,5,5,0,3,5,0,1,0,0,5,5,2,4,6,5,0,0,2,0,5,0,1,0,0,2,4,0,5,0,5,0,5,0,2,0,5,1,0,2,4,3,0,0,2,5,0,4,2,2,6,0,5,1,2,0,5,2
4022,3,1,2,0,0,5,4,2,3,1,0,5,0,4,3,2,5,1,0,0,3,0,5,2,0,1,0,0,4,3,0,0,1,0,0,5,2,0,6,1,0,3,4,0,5,0,0,1,3,0,0,2,3,4,1,0,5,0,6,2,4,0,3,1,4,0,6,5,3,2
4023,0,0,0,0,0,0,0,0,0,0
4024,0,1,0,0,0,3,0,0,0,5,0,0,0,1,0,0,0,3,0,0,0,5,0,0,0,6,0,0,0,2,0,0,1,0,0,5,0,3,0,1,0,3,0,6,0,2,1,0,1,1
4025,0,4,0,0,0,5,0,0,0,5,0,0,0,4,0,0,0,2,0,0,0,4,0,0,0,2,0,0,0,6,0,0,4,0,0,5,0,4,0,2,0,6,0,4,0,4,2,0,6,4
4026,0,5,0,0,0,1,0,0,0,4,0,0,0,5,0,0,0,5,0,0,0,6,0,0,0,2,0,0,0,5,0,0,2,0,0,5,0,1,0,1,0,5,0,6,0,3,4,0,2,5
4027,0,6,0,0,0,3,0,0,0,4,0,0,0,5,0,0,0,6,0,0,0,2,0,0,0,1,0,0,0,3,0,0,4,0,0,5,0,6,0,2,0,1,0,3,0,4,5,0,1,6
4028,0,3,0,0,0,5,0,0,0,1,0,0,0,5,0,0,0,3,0,0,0,1,0,0,0,4,0,0,0,3,0,0,0,0,0,6,0,5,0,1,2,5,0,1,0,6,3,0,1,5
4029,0,2,0,0,0,1,0,0,0,5,0,0,0,3,0,0,0,4,0,0,0,5,0,0,0,6,0,0,0,1,0,0,2,0,0,1,0,2,0,6,0,5,0,3,0,6,1,0,5,2
4030,3,0,3,1,6,0,0,3,0,1,5,3,2,0,1,0,3,3,5,6,1,0,3,0,0,0,1,6,3,0,5,0,1,0,0,3,6,2,0,5,0,0,3,0,0,1,1,5,5,0
4031,6,0,6,1,0,2,3,4,4,6,1,0,0,3,5,0,1,0,0,5,6,4,0,0,5,0,1,0,2,0,6,5,0,3,1,3,2,0,6,0,0,4,4,0,3,0,0,2,0,6
4032,4,5,0,4,5,2,0,0,4,2,0,1,5,0,6,0,0,4,0,0,0,4,0,2,0,5,0,0,4,0,4,5,4,2,0,6,0,3,5,4,2,0,2,0,4,2,2,4,0,4
4033,5,0,1,5,5,0,3,1,0,5,6,5,3,0,0,1,0,0,5,3,4,0,1,0,0,5,0,5,2,0,1,3,0,4,0,5,3,2,5,5,0,0,0,1,0,6,5,0,3,0
4034,5,0,4,5,1,0,6,5,0,1,1,2,0,5,6,0,3,0,2,2,5,3,0,0,0,0,5,0,6,0,2,0,5,4,0,0,0,5,2,0,4,6,5,1,0,4,2,0,5,0
4035,2,2,2,4,0,3,0,3,5,0,1,0,0,4,2,2,2,2,2,2,2,0,0,5,1,0,1,0,0,5,5,1,0,0,0,0,0,4,0,5,5,4,0,0,1,5,0,1,0,5
4036,3,0,3,1,6,0,0,3,0,1,5,3,2,0,1,0,3,3,5,6,1,0,3,0,0,0,1,6,3,0,5,0,1,0,0,3,6,2,0,5,0,0,3,0,0,1,1,5,5,0
4037,6,6,6,6,6,0,1,0,4,0,1,3,0,5,3,0,1,0,0,4,4,3,1,0,1,0,0,5,0,2,0,1,0,5,4,2,0,4,0,3,3,0,0,4,0,3,0,1,0,3
4038,1,1,0,5,2,0,3,0,0,2,0,1,1,0,6,4,0,2,0,3,2,5,2,0,3,1,1,0,0,5,0,6,3,0,2,0,0,4,0,6,3,0,5,2,0,3,0,0,1,1
4039,4,0,2,3,0,2,0,4,0,0,3,0,2,0,4,0,6,3,0,5,0,2,0,4,5,0,5,0,0,4,0,5,2,0,6,0,4,4,5,6,0,1,0,1,4,1,1,1,0,4
4040,2,3,5,0,1,3,2,0,3,0,5,0,0,3,3,2,0,5,0,5,0,0,2,0,1,3,1,0,2,1,0,0,5,5,0,1,0,4,2,0,0,1,4,0,2,0,4,4,0,5
4041,4,5,5,0,0,1,0,5,4,0,2,0,5,2,1,0,4,0,5,3,5,0,4,4,5,1,0,5,4,0,3,5,0,1,0,3,0,4,0,2,0,0,1,0,2,0,0,0,2,2
4042,5,2,1,0,4,6,5,0,6,2,2,0,4,0,5,5,3,0,5,6,4,0,0,2,0,0,0,1,0,2,0,5,3,0,2,0,0,5,0,4,6,0,3,0,0,5,4,2,0,5
4043,6,2,1,0,4,5,6,0,5,2,2,0,4,0,6,5,3,0,6,5,4,0,0,2,0,0,0,1,0,2,0,6,3,0,2,0,0,6,0,4,5,0,3,0,0,6,4,2,0,6
4044,6,6,6,6,6,0,1,0,4,0,1,3,0,5,3,0,1,0,0,4,4,3,1,0,1,0,0,5,0,2,0,1,0,5,0,2,0,4,0,3,3,0,0,4,0,3,0,1,0,3
4045,1,0,2,0,3,0,4,0,5,0,6,0,1,0,2,0,3,0,4,0,5,0,6,0,1,0,2,0,3,0,4,0,5,0,6,0,1,0,2,0,3,0,4,0,5,0,6,0,1,0,0,2,0,0,0,3,0,0,0,4,0,0,0,5,0,0,0,6,0,0,0,0,0,0,0,0,0,0,0,0,0,0,0,0,0,0,0,0,0,0,0,0,0,0,0,0,0,0,0
4046,1,1,1,1,1,1,0,0,0,5,5,5,5,5,5,0,0,0,0,2,2,2,2,2,2,0,0,0,0,0,0,0,0,0,0,0,0,0,0,0,0,0,0,0,0,0,0,0,0,0
4047,1,1,1,1,1,1,1,1,1,1,1,1,0,0,0,0,0,0,0,5,5,5,5,5,5,0,0,0,0,0,0,0,0,0,0,0,0,0,2,2,2,2,2,2,2,2,2,2,2,2
4048,1,1,1,1,1,1,1,1,1,1,1,1,0,0,0,0,0,0,0,5,5,5,5,5,5,0,0,0,0,0,0,0,0,0,0,0,0,0,2,2,2,2,2,2,2,2,2,2,2,2
4049,4,4,4,4,4,4,4,4,4,4,4,4,0,0,0,0,0,0,0,3,3,3,3,3,3,0,0,0,0,0,0,0,0,0,0,0,0,0,5,5,5,5,5,5,5,5,5,5,5,5
